20693
0
0
0
0
0
0
0
0
0
0
0
0
0
0
0
0
0
0
0
0
0
0
0
0
0
0
1265
1269
1270
1269
1269
1269
1269
1269
1269
1269
1269
1269
1269
1269
2232
2232
2232
2232
2232
2232
2677
3539
3539
3539
3539
3539
3539
3539
3539
3539
3539
3539
4386
4386
4386
4386
4386
4386
4386
4386
4386
4386
4386
4386
4386
4697
4698
4698
4698
4698
4698
4698
4698
4698
4698
4698
4698
4698
4698
5260
5260
5260
5260
5260
5260
5260
5260
5260
5260
5260
5260
5260
5649
5650
5650
5650
5650
5650
5650
5650
5650
5650
5650
5650
5650
5650
6173
6172
6172
6172
6172
6172
6172
6172
6172
6172
6172
6172
6172
7222
7238
7238
7238
7238
7238
7238
7238
7238
7238
7238
7238
7238
7238
8382
8385
8385
8385
8385
8385
8385
8385
8385
8385
8385
8385
8385
9615
9616
9616
9616
9616
9616
9616
9616
9616
9616
9616
9616
9616
9617
10086
10086
10086
10086
10086
10086
10086
10086
10086
10086
10086
10086
10086
10178
10178
10177
10177
10177
10177
10177
10177
10177
10177
10177
10177
10177
10169
10169
10169
10169
10169
10169
10169
10169
10169
10169
10169
10169
10169
10096
10096
10096
10096
10096
10096
10096
10096
10096
10096
10096
10096
10096
10523
10522
10522
10522
10522
10522
10522
10522
10522
10522
10522
10522
10522
10448
10448
