0
0
0
0
0
0
0
0
0
0
0
0
0
0
0
0
0
0
0
0
0
0
0
0
0
0
0
0
0
0
0
0
0
0
0
0
0
0
0
0
0
0
0
0
0
0
0
0
0
0
0
0
0
0
0
0
0
0
0
0
0
0
0
0
1517
1517
1517
1517
1517
1517
1517
1517
1517
1517
1517
1517
1517
3074
3074
3074
3074
3074
3074
3074
3074
3074
3074
3074
3074
3074
3885
3883
3883
3883
3883
3883
3883
3883
3883
3883
3883
3883
3883
3883
3983
3983
3983
3983
3983
3983
3983
3983
3983
3983
3983
3983
3983
3983
3857
3857
3857
3857
3857
3857
3857
3857
3857
3857
3857
3857
3857
3099
3091
3091
3091
3091
3091
3091
3091
3091
3091
3091
3091
3091
3045
3045
3045
3045
3045
3045
3045
3045
3045
3045
3045
3045
3045
3492
3492
3492
3492
3492
3492
3492
3492
3492
3492
3492
3492
3492
3756
3756
3756
3756
3756
3756
3756
3756
3756
3756
3756
3756
3756
3749
4137
4137
4137
4137
4137
4137
4137
4137
4137
4137
4137
4137
4783
4782
4757
4757
4757
4757
4757
4757
4757
4757
4757
4917
4917
4918
4918
4918
4918
4918
4918
4918
4918
4918
4918
4918
4920
5318
5318
5318
5318
5318
5318
5318
5318
5318
5318
5318
5318
5318
5691
5690
5690
5690
5690
5690
5690
5690
5690
5690
5690
5690
5690
5693
5489
5489
5489
5489
5489
5489
5489
5489
5489
5489
5489
5489
5489
5771
5772
5772
5772
5772
5772
5449
5449
5445
5445
5445
